MotionIndex	FaceID1	EffectSkin1	Actor1	FaceID2	EffectSkin2	Actor2	FaceID3	EffectSkin3	Actor3	FaceID4	EffectSkin4	Actor4
1005	401	40069	2	401	0	0	401	0	0	401	0	0
1006	401	40069	2	401	0	0	401	0	0	401	0	0
1007	401	40070	2	401	0	0	401	0	0	401	0	0
1008	401	40071	2	401	0	0	401	0	0	401	0	0
1009	401	40072	2	401	0	0	401	0	0	401	0	0
1010	402	40073	2	402	0	0	402	0	0	402	0	0
1011	402	40073	2	402	0	0	402	0	0	402	0	0
1012	402	40074	2	402	0	0	402	0	0	402	0	0
1013	402	40075	2	402	0	0	402	0	0	402	0	0
1014	402	40076	2	402	0	0	402	0	0	402	0	0
1015	403	40093	2	403	0	0	403	0	0	403	0	0
1016	403	40093	2	403	0	0	403	0	0	403	0	0
1017	403	40094	2	403	0	0	403	0	0	403	0	0
1018	403	40095	2	403	0	0	403	0	0	403	0	0
1019	403	40096	2	403	0	0	403	0	0	403	0	0
1020	404	40097	2	404	0	0	404	0	0	404	0	0
1021	404	40097	2	404	0	0	404	0	0	404	0	0
1022	404	40098	2	404	0	0	404	0	0	404	0	0
1023	404	40099	2	404	0	0	404	0	0	404	0	0
1024	404	40100	1	404	0	0	404	0	0	404	0	0
1025	405	40117	2	405	0	0	405	0	0	405	0	0
1026	405	40117	2	405	0	0	405	0	0	405	0	0
1027	405	40118	2	405	0	0	405	0	0	405	0	0
1028	405	40120	2	405	0	0	405	0	0	405	0	0
1029	405	40119	1	405	0	0	405	0	0	405	0	0
1030	406	40121	2	406	0	0	406	0	0	406	0	0
1031	406	40121	2	406	0	0	406	0	0	406	0	0
1032	406	40122	2	406	0	0	406	0	0	406	0	0
1033	406	40124	2	406	0	0	406	0	0	406	0	0
1034	406	40123	1	406	0	0	406	0	0	406	0	0
1054	504	40003	1	504	0	0	504	0	0	504	0	0
1055	504	40004	1	504	0	0	504	0	0	504	0	0
1056	504	40005	2	504	0	0	504	0	0	504	0	0
1057	504	40006	1	504	0	0	504	0	0	504	0	0
1058	504	40002	1	504	0	0	504	0	0	504	0	0
1059	504	40007	2	504	0	0	504	0	0	504	0	0
1060	506	40008	2	506	0	0	506	0	0	506	0	0
1061	506	40009	1	506	0	0	506	0	0	506	0	0
1062	506	40010	1	506	0	0	506	0	0	506	0	0
1063	506	40011	1	506	0	0	506	0	0	506	0	0
1064	506	40012	1	506	0	0	506	0	0	506	0	0
1065	506	40013	2	506	0	0	506	0	0	506	0	0
1066	506	40013	2	506	0	0	506	0	0	506	0	0
1067	508	40015	2	508	0	0	508	0	0	508	0	0
1068	508	40016	1	508	0	0	508	0	0	508	0	0
1069	508	40017	2	508	0	0	508	0	0	508	0	0
1070	508	40018	1	508	0	0	508	0	0	508	0	0
1071	508	40019	1	508	0	0	508	0	0	508	0	0
1072	508	40020	2	508	0	0	508	0	0	508	0	0
1073	508	40020	2	508	0	0	508	0	0	508	0	0
1074	510	40022	1	510	0	0	510	0	0	510	0	0
1075	510	40023	2	510	0	0	510	0	0	510	0	0
1076	510	40024	2	510	0	0	510	0	0	510	0	0
1077	510	40025	2	510	0	0	510	0	0	510	0	0
1078	510	40026	1	510	0	0	510	0	0	510	0	0
1079	510	40027	2	510	0	0	510	0	0	510	0	0
1080	510	40027	2	510	0	0	510	0	0	510	0	0
1081	511	40031	2	511	0	0	511	0	0	511	0	0
1082	511	40031	2	511	0	0	511	0	0	511	0	0
1083	511	40032	2	511	0	0	511	0	0	511	0	0
1084	511	40033	2	511	0	0	511	0	0	511	0	0
1085	511	40034	2	511	0	0	511	0	0	511	0	0
1086	512	40035	2	512	0	0	512	0	0	512	0	0
1087	512	40035	2	512	0	0	512	0	0	512	0	0
1088	512	40036	2	512	0	0	512	0	0	512	0	0
1089	512	40037	2	512	0	0	512	0	0	512	0	0
1090	512	40038	1	512	0	0	512	0	0	512	0	0
1091	513	40045	2	513	0	0	513	0	0	513	0	0
1092	513	40045	2	513	0	0	513	0	0	513	0	0
1093	513	40046	1	513	0	0	513	0	0	513	0	0
1094	513	40047	2	513	0	0	513	0	0	513	0	0
1095	513	40048	1	513	0	0	513	0	0	513	0	0
1096	514	40049	2	514	0	0	514	0	0	514	0	0
1097	514	40049	2	514	0	0	514	0	0	514	0	0
1098	514	40050	1	514	0	0	514	0	0	514	0	0
1099	514	40051	2	514	0	0	514	0	0	514	0	0
1100	514	40052	1	514	0	0	514	0	0	514	0	0
1101	515	40061	2	515	0	0	515	0	0	515	0	0
1102	515	40061	2	515	0	0	515	0	0	515	0	0
1103	515	40063	1	515	0	0	515	0	0	515	0	0
1104	515	40063	1	515	0	0	515	0	0	515	0	0
1105	515	40065	2	515	0	0	515	0	0	515	0	0
1106	516	40062	2	516	0	0	516	0	0	516	0	0
1107	516	40062	2	516	0	0	516	0	0	516	0	0
1108	516	40064	1	516	0	0	516	0	0	516	0	0
1109	516	40064	1	516	0	0	516	0	0	516	0	0
1110	516	40066	2	516	0	0	516	0	0	516	0	0
1111	517	40079	2	517	0	0	517	0	0	517	0	0
1112	517	40079	2	517	0	0	517	0	0	517	0	0
1113	517	40080	2	517	0	0	517	0	0	517	0	0
1114	517	40081	2	517	0	0	517	0	0	517	0	0
1115	517	40082	2	517	0	0	517	0	0	517	0	0
1116	518	40083	2	518	0	0	518	0	0	518	0	0
1117	518	40083	2	518	0	0	518	0	0	518	0	0
1118	518	40084	2	518	0	0	518	0	0	518	0	0
1119	518	40085	2	518	0	0	518	0	0	518	0	0
1120	518	40086	1	518	0	0	518	0	0	518	0	0
1121	520	40103	2	520	0	0	520	0	0	520	0	0
1122	520	40103	2	520	0	0	520	0	0	520	0	0
1123	520	40104	2	520	0	0	520	0	0	520	0	0
1124	520	40105	2	520	0	0	520	0	0	520	0	0
1125	520	40106	1	520	40107	2	520	0	0	520	0	0
1126	520	40108	2	520	0	0	520	0	0	520	0	0
1127	520	40109	2	520	0	0	520	0	0	520	0	0
1128	520	40110	2	520	0	0	520	0	0	520	0	0
1129	520	40111	1	520	0	0	520	0	0	520	0	0
1130	520	40112	2	520	0	0	520	0	0	520	0	0
1131	520	40113	1	520	0	0	520	0	0	520	0	0
1132	522	40103	2	522	0	0	522	0	0	522	0	0
1133	522	40103	2	522	0	0	522	0	0	522	0	0
1134	522	40104	2	522	0	0	522	0	0	522	0	0
1135	522	40105	2	522	0	0	522	0	0	522	0	0
1136	522	40106	1	522	40107	2	522	0	0	522	0	0
1137	522	40108	2	522	0	0	522	0	0	522	0	0
1138	522	40109	2	522	0	0	522	0	0	522	0	0
1139	522	40110	2	522	0	0	522	0	0	522	0	0
1140	522	40111	1	522	0	0	522	0	0	522	0	0
1141	522	40112	2	522	0	0	522	0	0	522	0	0
1142	522	40113	1	522	0	0	522	0	0	522	0	0
1143	524	40127	2	524	0	0	524	0	0	524	0	0
1144	524	40127	2	524	0	0	524	0	0	524	0	0
1145	524	40128	2	524	0	0	524	0	0	524	0	0
1146	524	40129	2	524	0	0	524	0	0	524	0	0
1147	524	40130	2	524	0	0	524	0	0	524	0	0
1148	524	40131	2	524	0	0	524	0	0	524	0	0
1149	524	40132	2	524	0	0	524	0	0	524	0	0
1150	524	40133	2	524	0	0	524	0	0	524	0	0
1151	524	40134	1	524	0	0	524	0	0	524	0	0
1152	524	40135	1	524	0	0	524	0	0	524	0	0
1153	524	40136	1	524	0	0	524	0	0	524	0	0
1154	526	40142	2	526	0	0	526	0	0	526	0	0
1155	526	40142	2	526	0	0	526	0	0	526	0	0
1156	526	40143	2	526	0	0	526	0	0	526	0	0
1157	526	40144	2	526	0	0	526	0	0	526	0	0
1158	526	40145	2	526	0	0	526	0	0	526	0	0
1159	526	40146	2	526	0	0	526	0	0	526	0	0
1160	526	40147	2	526	0	0	526	0	0	526	0	0
1161	526	40148	2	526	0	0	526	0	0	526	0	0
1162	526	40149	1	526	0	0	526	0	0	526	0	0
1163	526	40150	1	526	0	0	526	0	0	526	0	0
1164	526	40151	1	526	0	0	526	0	0	526	0	0
1165	528	40156	2	528	0	0	528	0	0	528	0	0
1166	528	40156	2	528	0	0	528	0	0	528	0	0
1167	528	40157	2	528	0	0	528	0	0	528	0	0
1168	528	40158	2	528	0	0	528	0	0	528	0	0
1169	528	40159	2	528	0	0	528	0	0	528	0	0
1170	528	40160	2	528	0	0	528	0	0	528	0	0
1171	528	40161	2	528	0	0	528	0	0	528	0	0
1172	528	40162	2	528	0	0	528	0	0	528	0	0
1173	528	40163	1	528	0	0	528	0	0	528	0	0
1174	528	40164	2	528	0	0	528	0	0	528	0	0
1175	528	40165	1	528	0	0	528	0	0	528	0	0
1176	530	40170	2	530	0	0	530	0	0	530	0	0
1177	530	40170	2	530	0	0	530	0	0	530	0	0
1178	530	40171	2	530	0	0	530	0	0	530	0	0
1179	530	40172	2	530	0	0	530	0	0	530	0	0
1180	530	40173	2	530	0	0	530	0	0	530	0	0
1181	530	40174	2	530	0	0	530	0	0	530	0	0
1182	530	40175	2	530	0	0	530	0	0	530	0	0
1183	530	40176	2	530	0	0	530	0	0	530	0	0
1184	530	40177	1	530	0	0	530	0	0	530	0	0
1185	530	40178	2	530	0	0	530	0	0	530	0	0
1186	530	40179	1	530	0	0	530	0	0	530	0	0
1187	532	40198	2	532	0	0	532	0	0	532	0	0
1188	532	40198	2	532	0	0	532	0	0	532	0	0
1189	532	40199	2	532	0	0	532	0	0	532	0	0
1190	532	40200	2	532	0	0	532	0	0	532	0	0
1191	532	40201	2	532	0	0	532	0	0	532	0	0
1192	532	40202	2	532	0	0	532	0	0	532	0	0
1193	532	40203	2	532	0	0	532	0	0	532	0	0
1194	532	40204	2	532	0	0	532	0	0	532	0	0
1195	532	40205	1	532	0	0	532	0	0	532	0	0
1196	532	40206	1	532	0	0	532	0	0	532	0	0
1197	532	40207	1	532	0	0	532	0	0	532	0	0
1198	534	40213	2	534	0	0	534	0	0	534	0	0
1199	534	40213	2	534	0	0	534	0	0	534	0	0
1200	534	40214	2	534	0	0	534	0	0	534	0	0
1201	534	40215	2	534	0	0	534	0	0	534	0	0
1202	534	40216	2	534	0	0	534	0	0	534	0	0
1203	534	40217	2	534	0	0	534	0	0	534	0	0
1204	534	40218	2	534	0	0	534	0	0	534	0	0
1205	534	40219	2	534	0	0	534	0	0	534	0	0
1206	534	40220	1	534	0	0	534	0	0	534	0	0
1207	534	40221	1	534	0	0	534	0	0	534	0	0
1208	534	40222	1	534	0	0	534	0	0	534	0	0
1209	538	40282	3	538	40228	2	538	0	0	538	0	0
1210	538	40282	3	538	40229	2	538	0	0	538	0	0
1211	538	40230	2	538	40283	3	538	0	0	538	0	0
1212	538	40231	2	538	40283	3	538	0	0	538	0	0
1213	538	40232	2	538	0	0	538	0	0	538	0	0
1214	538	40233	2	538	0	0	538	0	0	538	0	0
1215	538	40234	2	538	0	0	538	0	0	538	0	0
1216	538	40235	2	538	0	0	538	0	0	538	0	0
1217	538	40236	2	538	0	0	538	0	0	538	0	0
1218	538	40237	1	538	0	0	538	0	0	538	0	0
1219	538	40267	1	538	0	0	538	0	0	538	0	0
1220	538	40239	1	538	0	0	538	0	0	538	0	0
1221	540	40282	3	540	40247	2	540	0	0	540	0	0
1222	540	40282	3	540	40248	2	540	0	0	540	0	0
1223	540	40249	2	540	40284	3	540	0	0	540	0	0
1224	540	40250	2	540	40284	3	540	0	0	540	0	0
1225	540	40251	2	540	0	0	540	0	0	540	0	0
1226	540	40252	2	540	0	0	540	0	0	540	0	0
1227	540	40253	2	540	0	0	540	0	0	540	0	0
1228	540	40254	2	540	0	0	540	0	0	540	0	0
1229	540	40255	2	540	0	0	540	0	0	540	0	0
1230	540	40256	1	540	0	0	540	0	0	540	0	0
1231	540	40267	1	540	0	0	540	0	0	540	0	0
1232	540	40258	1	540	0	0	540	0	0	540	0	0
1233	542	40290	2	542	40292	2	542	0	0	542	0	0
1234	542	40291	2	542	40292	2	542	0	0	542	0	0
1235	542	40292	2	542	0	0	542	0	0	542	0	0
1236	542	40293	2	542	0	0	542	0	0	542	0	0
1237	542	40294	2	542	0	0	542	0	0	542	0	0
1238	542	40295	2	542	0	0	542	0	0	542	0	0
1239	542	40296	1	542	0	0	542	0	0	542	0	0
1240	542	40297	1	542	0	0	542	0	0	542	0	0
1241	542	40298	1	542	0	0	542	0	0	542	0	0
1242	542	40299	1	542	0	0	542	0	0	542	0	0
1243	542	40300	1	542	0	0	542	0	0	542	0	0
1244	542	40267	1	542	0	0	542	0	0	542	0	0
1245	542	40302	1	542	0	0	542	0	0	542	0	0
1246	542	40303	1	542	0	0	542	0	0	542	0	0
1247	542	40304	1	542	0	0	542	0	0	542	0	0
1248	544	40310	2	544	40312	2	544	0	0	544	0	0
1249	544	40311	2	544	40312	2	544	0	0	544	0	0
1250	544	40312	2	544	0	0	544	0	0	544	0	0
1251	544	40313	2	544	0	0	544	0	0	544	0	0
1252	544	40314	2	544	0	0	544	0	0	544	0	0
1253	544	40315	2	544	0	0	544	0	0	544	0	0
1254	544	40316	1	544	0	0	544	0	0	544	0	0
1255	544	40317	1	544	0	0	544	0	0	544	0	0
1256	544	40318	1	544	0	0	544	0	0	544	0	0
1257	544	40319	1	544	0	0	544	0	0	544	0	0
1258	544	40320	1	544	0	0	544	0	0	544	0	0
1259	544	40267	1	544	0	0	544	0	0	544	0	0
1260	544	40322	1	544	0	0	544	0	0	544	0	0
1261	544	40323	1	544	0	0	544	0	0	544	0	0
1262	544	40324	1	544	0	0	544	0	0	544	0	0
1263	547	40340	2	547	0	0	547	0	0	547	0	0
1264	547	40341	2	547	0	0	547	0	0	547	0	0
1265	547	40342	2	547	0	0	547	0	0	547	0	0
1266	547	40343	2	547	0	0	547	0	0	547	0	0
1267	547	40344	2	547	0	0	547	0	0	547	0	0
1268	547	40345	2	547	0	0	547	0	0	547	0	0
1269	547	40346	2	547	0	0	547	0	0	547	0	0
1270	547	40347	2	547	0	0	547	0	0	547	0	0
1271	547	40348	1	547	0	0	547	0	0	547	0	0
1272	547	40349	1	547	0	0	547	0	0	547	0	0
1273	547	40350	2	547	0	0	547	0	0	547	0	0
1274	547	40351	1	547	0	0	547	0	0	547	0	0
1275	548	40356	2	548	0	0	548	0	0	548	0	0
1276	548	40357	2	548	0	0	548	0	0	548	0	0
1277	548	40358	2	548	0	0	548	0	0	548	0	0
1278	548	40359	2	548	0	0	548	0	0	548	0	0
1279	548	40360	2	548	0	0	548	0	0	548	0	0
1280	548	40361	2	548	0	0	548	0	0	548	0	0
1281	548	40362	2	548	0	0	548	0	0	548	0	0
1282	548	40363	2	548	0	0	548	0	0	548	0	0
1283	548	40364	1	548	0	0	548	0	0	548	0	0
1284	548	40365	1	548	0	0	548	0	0	548	0	0
1285	548	40366	2	548	0	0	548	0	0	548	0	0
1286	548	40367	1	548	0	0	548	0	0	548	0	0
1287	549	40372	2	549	0	0	549	0	0	549	0	0
1288	549	40373	2	549	0	0	549	0	0	549	0	0
1289	549	40374	2	549	0	0	549	0	0	549	0	0
1290	549	40375	2	549	0	0	549	0	0	549	0	0
1291	549	40376	2	549	0	0	549	0	0	549	0	0
1292	549	40377	2	549	0	0	549	0	0	549	0	0
1293	549	40378	2	549	0	0	549	0	0	549	0	0
1294	549	40379	2	549	0	0	549	0	0	549	0	0
1295	549	40380	1	549	0	0	549	0	0	549	0	0
1296	549	40381	1	549	0	0	549	0	0	549	0	0
1297	549	40382	2	549	0	0	549	0	0	549	0	0
1298	549	40383	1	549	0	0	549	0	0	549	0	0
1299	550	40388	2	550	0	0	550	0	0	550	0	0
1300	550	40389	2	550	0	0	550	0	0	550	0	0
1301	550	40390	2	550	0	0	550	0	0	550	0	0
1302	550	40391	2	550	0	0	550	0	0	550	0	0
1303	550	40392	2	550	0	0	550	0	0	550	0	0
1304	550	40393	2	550	0	0	550	0	0	550	0	0
1305	550	40394	2	550	0	0	550	0	0	550	0	0
1306	550	40395	2	550	0	0	550	0	0	550	0	0
1307	550	40396	1	550	0	0	550	0	0	550	0	0
1308	550	40397	1	550	0	0	550	0	0	550	0	0
1309	550	40398	2	550	0	0	550	0	0	550	0	0
1310	550	40399	1	550	0	0	550	0	0	550	0	0
1311	801	40184	2	801	0	0	801	0	0	801	0	0
1312	801	40184	2	801	0	0	801	0	0	801	0	0
1313	801	40185	2	801	0	0	801	0	0	801	0	0
1314	801	40186	2	801	0	0	801	0	0	801	0	0
1315	801	40187	2	801	0	0	801	0	0	801	0	0
1316	801	40188	2	801	0	0	801	0	0	801	0	0
1317	801	40189	2	801	0	0	801	0	0	801	0	0
1318	801	40190	2	801	0	0	801	0	0	801	0	0
1319	801	40191	1	801	0	0	801	0	0	801	0	0
1320	801	40192	1	801	0	0	801	0	0	801	0	0
1321	801	40193	1	801	0	0	801	0	0	801	0	0
1342	554	40410	1	554	0	0	554	0	0	554	0	0
1343	554	40411	1	554	0	0	554	0	0	554	0	0
1344	554	40412	2	554	0	0	554	0	0	554	0	0
1345	554	40413	1	554	0	0	554	0	0	554	0	0
1346	554	40414	1	554	0	0	554	0	0	554	0	0
1347	554	40415	2	554	0	0	554	0	0	554	0	0
1348	556	40402	2	556	0	0	556	0	0	556	0	0
1349	556	40403	1	556	0	0	556	0	0	556	0	0
1350	556	40404	1	556	0	0	556	0	0	556	0	0
1351	556	40405	1	556	0	0	556	0	0	556	0	0
1352	556	40406	1	556	0	0	556	0	0	556	0	0
1353	556	40407	2	556	0	0	556	0	0	556	0	0
1354	556	40407	2	556	0	0	556	0	0	556	0	0
1355	551	40418	2	551	0	0	551	0	0	551	0	0
1356	551	40419	2	551	0	0	551	0	0	551	0	0
1357	551	40420	2	551	0	0	551	0	0	551	0	0
1358	551	40421	2	551	0	0	551	0	0	551	0	0
1359	551	40422	2	551	0	0	551	0	0	551	0	0
1360	551	40423	2	551	0	0	551	0	0	551	0	0
1361	551	40424	2	551	0	0	551	0	0	551	0	0
1362	551	40425	2	551	0	0	551	0	0	551	0	0
1363	551	40426	1	551	0	0	551	0	0	551	0	0
1364	551	40427	1	551	0	0	551	0	0	551	0	0
1365	551	40428	2	551	0	0	551	0	0	551	0	0
1366	551	40429	1	551	0	0	551	0	0	551	0	0
1367	552	40436	2	552	0	0	552	0	0	552	0	0
1368	552	40437	2	552	0	0	552	0	0	552	0	0
1369	552	40438	2	552	0	0	552	0	0	552	0	0
1370	552	40439	2	552	0	0	552	0	0	552	0	0
1371	552	40440	2	552	0	0	552	0	0	552	0	0
1372	552	40441	2	552	0	0	552	0	0	552	0	0
1373	552	40442	2	552	0	0	552	0	0	552	0	0
1374	552	40443	2	552	0	0	552	0	0	552	0	0
1375	552	40444	1	552	0	0	552	0	0	552	0	0
1376	552	40445	1	552	0	0	552	0	0	552	0	0
1377	552	40446	2	552	0	0	552	0	0	552	0	0
1378	552	40447	1	552	0	0	552	0	0	552	0	0
1379	559	40454	2	559	0	0	559	0	0	559	0	0
1380	559	40455	2	559	0	0	559	0	0	559	0	0
1381	559	40456	2	559	0	0	559	0	0	559	0	0
1382	559	40457	2	559	0	0	559	0	0	559	0	0
1383	559	40458	2	559	0	0	559	0	0	559	0	0
1384	559	40459	2	559	0	0	559	0	0	559	0	0
1385	559	40460	2	559	0	0	559	0	0	559	0	0
1386	559	40461	2	559	0	0	559	0	0	559	0	0
1387	559	40462	1	559	0	0	559	0	0	559	0	0
1388	559	40463	1	559	0	0	559	0	0	559	0	0
1389	559	40464	2	559	0	0	559	0	0	559	0	0
1390	559	40465	1	559	0	0	559	0	0	559	0	0
1391	560	40472	2	560	0	0	560	0	0	560	0	0
1392	560	40473	2	560	0	0	560	0	0	560	0	0
1393	560	40474	2	560	0	0	560	0	0	560	0	0
1394	560	40475	2	560	0	0	560	0	0	560	0	0
1395	560	40476	2	560	0	0	560	0	0	560	0	0
1396	560	40477	2	560	0	0	560	0	0	560	0	0
1397	560	40478	2	560	0	0	560	0	0	560	0	0
1398	560	40479	2	560	0	0	560	0	0	560	0	0
1399	560	40480	1	560	0	0	560	0	0	560	0	0
1400	560	40481	1	560	0	0	560	0	0	560	0	0
1401	560	40482	2	560	0	0	560	0	0	560	0	0
1402	560	40483	1	560	0	0	560	0	0	560	0	0
1403	557	40489	2	557	0	0	557	0	0	557	0	0
1404	557	40490	2	557	0	0	557	0	0	557	0	0
1405	557	40491	2	557	0	0	557	0	0	557	0	0
1406	557	40492	2	557	0	0	557	0	0	557	0	0
1407	557	40493	2	557	0	0	557	0	0	557	0	0
1408	557	40494	2	557	0	0	557	0	0	557	0	0
1409	557	40495	2	557	0	0	557	0	0	557	0	0
1410	557	40496	2	557	0	0	557	0	0	557	0	0
1411	557	40497	1	557	0	0	557	0	0	557	0	0
1412	557	40498	1	557	0	0	557	0	0	557	0	0
1413	557	40499	2	557	0	0	557	0	0	557	0	0
1414	557	40500	1	557	0	0	557	0	0	557	0	0
1415	558	40507	2	558	0	0	558	0	0	558	0	0
1416	558	40508	2	558	0	0	558	0	0	558	0	0
1417	558	40509	2	558	0	0	558	0	0	558	0	0
1418	558	40510	2	558	0	0	558	0	0	558	0	0
1419	558	40511	2	558	0	0	558	0	0	558	0	0
1420	558	40512	2	558	0	0	558	0	0	558	0	0
1421	558	40513	2	558	0	0	558	0	0	558	0	0
1422	558	40514	2	558	0	0	558	0	0	558	0	0
1423	558	40515	1	558	0	0	558	0	0	558	0	0
1424	558	40516	1	558	0	0	558	0	0	558	0	0
1425	558	40517	2	558	0	0	558	0	0	558	0	0
1426	558	40518	1	558	0	0	558	0	0	558	0	0
1427	561	40525	2	561	0	0	561	0	0	561	0	0
1428	561	40526	2	561	0	0	561	0	0	561	0	0
1429	561	40527	2	561	0	0	561	0	0	561	0	0
1430	561	40528	2	561	0	0	561	0	0	561	0	0
1431	561	40529	2	561	0	0	561	0	0	561	0	0
1432	561	40530	2	561	0	0	561	0	0	561	0	0
1433	561	40531	2	561	0	0	561	0	0	561	0	0
1434	561	40532	2	561	0	0	561	0	0	561	0	0
1435	561	40533	1	561	0	0	561	0	0	561	0	0
1436	561	40534	1	561	0	0	561	0	0	561	0	0
1437	561	40535	2	561	0	0	561	0	0	561	0	0
1438	561	40536	1	561	0	0	561	0	0	561	0	0
1439	562	40543	2	562	0	0	562	0	0	562	0	0
1440	562	40544	2	562	0	0	562	0	0	562	0	0
1441	562	40545	2	562	0	0	562	0	0	562	0	0
1442	562	40546	2	562	0	0	562	0	0	562	0	0
1443	562	40547	2	562	0	0	562	0	0	562	0	0
1444	562	40548	2	562	0	0	562	0	0	562	0	0
1445	562	40549	2	562	0	0	562	0	0	562	0	0
1446	562	40550	2	562	0	0	562	0	0	562	0	0
1447	562	40551	1	562	0	0	562	0	0	562	0	0
1448	562	40552	1	562	0	0	562	0	0	562	0	0
1449	562	40553	2	562	0	0	562	0	0	562	0	0
1450	562	40554	1	562	0	0	562	0	0	562	0	0
1451	179	40571	2	179	0	0	179	0	0	179	0	0
1452	180	40577	1	180	0	0	180	0	0	180	0	0
1453	568	40563	2	568	0	0	568	0	0	568	0	0
1454	568	40564	1	568	0	0	568	0	0	568	0	0
1455	568	40565	2	568	0	0	568	0	0	568	0	0
1456	568	40566	1	568	0	0	568	0	0	568	0	0
1457	568	40567	1	568	0	0	568	0	0	568	0	0
1458	568	40568	2	568	0	0	568	0	0	568	0	0
1459	568	40568	2	568	0	0	568	0	0	568	0	0
1460	570	40578	2	570	0	0	570	0	0	570	0	0
1461	570	40578	2	570	0	0	570	0	0	570	0	0
1462	570	40578	2	570	40583	3	570	0	0	570	0	0
1463	570	40578	2	570	40583	3	570	0	0	570	0	0
1464	570	40578	2	570	0	0	570	0	0	570	0	0
1465	570	40578	2	570	0	0	570	0	0	570	0	0
1466	570	40579	2	570	0	0	570	0	0	570	0	0
1467	570	40579	2	570	0	0	570	0	0	570	0	0
1468	570	40580	1	570	0	0	570	0	0	570	0	0
1469	563	40588	2	563	0	0	563	0	0	563	0	0
1470	563	40589	2	563	0	0	563	0	0	563	0	0
1471	563	40590	2	563	0	0	563	0	0	563	0	0
1472	563	40591	2	563	0	0	563	0	0	563	0	0
1473	563	40592	2	563	0	0	563	0	0	563	0	0
1474	563	40593	2	563	0	0	563	0	0	563	0	0
1475	563	40594	2	563	0	0	563	0	0	563	0	0
1476	563	40595	2	563	0	0	563	0	0	563	0	0
1477	563	40596	1	563	0	0	563	0	0	563	0	0
1478	563	40597	1	563	0	0	563	0	0	563	0	0
1479	563	40598	2	563	0	0	563	0	0	563	0	0
1480	563	40599	1	563	0	0	563	0	0	563	0	0
1481	564	40605	2	564	0	0	564	0	0	564	0	0
1482	564	40606	2	564	0	0	564	0	0	564	0	0
1483	564	40607	2	564	0	0	564	0	0	564	0	0
1484	564	40608	2	564	0	0	564	0	0	564	0	0
1485	564	40609	2	564	0	0	564	0	0	564	0	0
1486	564	40610	2	564	0	0	564	0	0	564	0	0
1487	564	40611	2	564	0	0	564	0	0	564	0	0
1488	564	40612	2	564	0	0	564	0	0	564	0	0
1489	564	40613	1	564	0	0	564	0	0	564	0	0
1490	564	40614	1	564	0	0	564	0	0	564	0	0
1491	564	40615	2	564	0	0	564	0	0	564	0	0
1492	564	40616	1	564	0	0	564	0	0	564	0	0
1493	565	40622	2	565	0	0	565	0	0	565	0	0
1494	565	40623	2	565	0	0	565	0	0	565	0	0
1495	565	40624	2	565	0	0	565	0	0	565	0	0
1496	565	40625	2	565	0	0	565	0	0	565	0	0
1497	565	40626	2	565	0	0	565	0	0	565	0	0
1498	565	40627	2	565	0	0	565	0	0	565	0	0
1499	565	40628	2	565	0	0	565	0	0	565	0	0
1500	565	40629	2	565	0	0	565	0	0	565	0	0
1501	565	40630	1	565	0	0	565	0	0	565	0	0
1502	565	40631	1	565	0	0	565	0	0	565	0	0
1503	565	40632	2	565	0	0	565	0	0	565	0	0
1504	565	40633	1	565	0	0	565	0	0	565	0	0
1505	566	40639	2	566	0	0	566	0	0	566	0	0
1506	566	40640	2	566	0	0	566	0	0	566	0	0
1507	566	40641	2	566	0	0	566	0	0	566	0	0
1508	566	40642	2	566	0	0	566	0	0	566	0	0
1509	566	40643	2	566	0	0	566	0	0	566	0	0
1510	566	40644	2	566	0	0	566	0	0	566	0	0
1511	566	40645	2	566	0	0	566	0	0	566	0	0
1512	566	40646	2	566	0	0	566	0	0	566	0	0
1513	566	40647	1	566	0	0	566	0	0	566	0	0
1514	566	40648	1	566	0	0	566	0	0	566	0	0
1515	566	40649	2	566	0	0	566	0	0	566	0	0
1516	566	40650	1	566	0	0	566	0	0	566	0	0
1517	563	40594	2	563	0	0	563	0	0	563	0	0
1518	564	40611	2	564	0	0	564	0	0	564	0	0
1519	565	40628	2	565	0	0	565	0	0	565	0	0
1520	566	40645	2	566	0	0	566	0	0	566	0	0
1521	572	40656	1	572	0	0	572	0	0	572	0	0
1522	572	40657	2	572	0	0	572	0	0	572	0	0
1523	572	40658	2	572	0	0	572	0	0	572	0	0
1524	572	40659	2	572	0	0	572	0	0	572	0	0
1525	572	40660	1	572	0	0	572	0	0	572	0	0
1526	572	40661	2	572	0	0	572	0	0	572	0	0
1527	572	40661	2	572	0	0	572	0	0	572	0	0
1528	573	40666	2	574	40685	2	574	0	0	574	0	0
1529	573	40667	2	574	40686	2	574	0	0	574	0	0
1530	573	40668	2	574	40687	2	574	0	0	574	0	0
1531	573	40669	2	574	40688	2	574	0	0	574	0	0
1532	573	40670	2	574	40689	2	574	0	0	574	0	0
1533	573	40671	2	574	40690	2	574	0	0	574	0	0
1534	573	40672	2	574	40691	2	574	0	0	574	0	0
1535	573	40673	2	574	40692	2	574	0	0	574	0	0
1536	573	40674	2	574	40693	2	574	0	0	574	0	0
1537	573	40675	2	574	40694	2	574	0	0	574	0	0
1538	573	40676	2	574	40695	2	574	0	0	574	0	0
1539	573	40677	2	574	40696	2	574	0	0	574	0	0
1540	573	40678	2	574	40678	2	574	0	0	574	0	0
1541	573	40679	2	574	40679	2	574	0	0	574	0	0
1542	573	40680	2	574	40680	2	574	0	0	574	0	0
1543	573	40681	1	574	40681	1	574	0	0	574	0	0
1544	573	40682	2	574	40682	2	574	0	0	574	0	0
1545	573	40683	1	574	40683	1	574	0	0	574	0	0
1546	573	40684	1	574	40684	1	574	0	0	574	0	0
1547	575	40702	2	576	40721	2	576	0	0	576	0	0
1548	575	40703	2	576	40722	2	576	0	0	576	0	0
1549	575	40704	2	576	40723	2	576	0	0	576	0	0
1550	575	40705	2	576	40724	2	576	0	0	576	0	0
1551	575	40706	2	576	40725	2	576	0	0	576	0	0
1552	575	40707	2	576	40726	2	576	0	0	576	0	0
1553	575	40708	2	576	40727	2	576	0	0	576	0	0
1554	575	40709	2	576	40728	2	576	0	0	576	0	0
1555	575	40710	2	576	40729	2	576	0	0	576	0	0
1556	575	40711	2	576	40730	2	576	0	0	576	0	0
1557	575	40712	2	576	40731	2	576	0	0	576	0	0
1558	575	40713	2	576	40732	2	576	0	0	576	0	0
1559	575	40714	2	576	40714	2	576	0	0	576	0	0
1560	575	40715	2	576	40715	2	576	0	0	576	0	0
1561	575	40716	2	576	40716	2	576	0	0	576	0	0
1562	575	40717	1	576	40717	1	576	0	0	576	0	0
1563	575	40718	2	576	40718	2	576	0	0	576	0	0
1564	575	40719	1	576	40719	1	576	0	0	576	0	0
1565	575	40720	1	576	40720	1	576	0	0	576	0	0
1566	577	40738	2	578	40757	2	578	0	0	578	0	0
1567	577	40739	2	578	40758	2	578	0	0	578	0	0
1568	577	40740	2	578	40759	2	578	0	0	578	0	0
1569	577	40741	2	578	40760	2	578	0	0	578	0	0
1570	577	40742	2	578	40761	2	578	0	0	578	0	0
1571	577	40743	2	578	40762	2	578	0	0	578	0	0
1572	577	40744	2	578	40763	2	578	0	0	578	0	0
1573	577	40745	2	578	40764	2	578	0	0	578	0	0
1574	577	40746	2	578	40765	2	578	0	0	578	0	0
1575	577	40747	2	578	40766	2	578	0	0	578	0	0
1576	577	40748	2	578	40767	2	578	0	0	578	0	0
1577	577	40749	2	578	40768	2	578	0	0	578	0	0
1578	577	40750	2	578	40750	2	578	0	0	578	0	0
1579	577	40751	2	578	40751	2	578	0	0	578	0	0
1580	577	40752	2	578	40752	2	578	0	0	578	0	0
1581	577	40753	1	578	40753	1	578	0	0	578	0	0
1582	577	40754	2	578	40754	2	578	0	0	578	0	0
1583	577	40755	2	578	40755	2	578	0	0	578	0	0
1584	577	40756	1	578	40756	1	578	0	0	578	0	0
1585	579	40769	2	580	40788	2	580	0	0	580	0	0
1586	579	40770	2	580	40789	2	580	0	0	580	0	0
1587	579	40771	2	580	40790	2	580	0	0	580	0	0
1588	579	40772	2	580	40791	2	580	0	0	580	0	0
1589	579	40773	2	580	40792	2	580	0	0	580	0	0
1590	579	40774	2	580	40793	2	580	0	0	580	0	0
1591	579	40775	2	580	40794	2	580	0	0	580	0	0
1592	579	40776	2	580	40795	2	580	0	0	580	0	0
1593	579	40777	2	580	40796	2	580	0	0	580	0	0
1594	579	40778	2	580	40797	2	580	0	0	580	0	0
1595	579	40779	2	580	40798	2	580	0	0	580	0	0
1596	579	40780	2	580	40799	2	580	0	0	580	0	0
1597	579	40781	2	580	40781	2	580	0	0	580	0	0
1598	579	40782	2	580	40782	2	580	0	0	580	0	0
1599	579	40783	2	580	40783	2	580	0	0	580	0	0
1600	579	40784	1	580	40784	1	580	0	0	580	0	0
1601	579	40785	2	580	40785	2	580	0	0	580	0	0
1602	579	40786	2	580	40786	2	580	0	0	580	0	0
1603	579	40787	1	580	40787	1	580	0	0	580	0	0
1607	585	40818	2	585	0	0	585	0	0	585	0	0
1608	585	40818	2	585	0	0	585	0	0	585	0	0
1609	585	40819	2	585	0	0	585	0	0	585	0	0
1610	585	40820	2	585	0	0	585	0	0	585	0	0
1611	585	40821	2	585	0	0	585	0	0	585	0	0
1612	586	40822	2	586	0	0	586	0	0	586	0	0
1613	586	40822	2	586	0	0	586	0	0	586	0	0
1614	586	40823	2	586	0	0	586	0	0	586	0	0
1615	586	40824	2	586	0	0	586	0	0	586	0	0
1616	586	40825	1	586	0	0	586	0	0	586	0	0
1617	581	40832	2	582	40851	2	582	0	0	582	0	0
1618	581	40833	2	582	40852	2	582	0	0	582	0	0
1619	581	40834	2	582	40853	2	582	0	0	582	0	0
1620	581	40835	2	582	40854	2	582	0	0	582	0	0
1621	581	40836	2	582	40855	2	582	0	0	582	0	0
1622	581	40837	2	582	40856	2	582	0	0	582	0	0
1623	581	40838	2	582	40857	2	582	0	0	582	0	0
1624	581	40839	2	582	40858	2	582	0	0	582	0	0
1625	581	40840	2	582	40859	2	582	0	0	582	0	0
1626	581	40841	2	582	40860	2	582	0	0	582	0	0
1627	581	40842	2	582	40861	2	582	0	0	582	0	0
1628	581	40843	2	582	40862	2	582	0	0	582	0	0
1629	581	40844	2	582	40844	2	582	0	0	582	0	0
1630	581	40845	2	582	40845	2	582	0	0	582	0	0
1631	581	40846	2	582	40846	2	582	0	0	582	0	0
1632	581	40847	1	582	40847	1	582	0	0	582	0	0
1633	581	40848	2	582	40848	2	582	0	0	582	0	0
1634	581	40849	2	582	40849	2	582	0	0	582	0	0
1635	581	40850	1	582	40850	1	582	0	0	582	0	0
1636	583	40863	2	584	40882	2	584	0	0	584	0	0
1637	583	40864	2	584	40883	2	584	0	0	584	0	0
1638	583	40865	2	584	40884	2	584	0	0	584	0	0
1639	583	40866	2	584	40885	2	584	0	0	584	0	0
1640	583	40867	2	584	40886	2	584	0	0	584	0	0
1641	583	40868	2	584	40887	2	584	0	0	584	0	0
1642	583	40869	2	584	40888	2	584	0	0	584	0	0
1643	583	40870	2	584	40889	2	584	0	0	584	0	0
1644	583	40871	2	584	40890	2	584	0	0	584	0	0
1645	583	40872	2	584	40891	2	584	0	0	584	0	0
1646	583	40873	2	584	40892	2	584	0	0	584	0	0
1647	583	40874	2	584	40893	2	584	0	0	584	0	0
1648	583	40875	2	584	40875	2	584	0	0	584	0	0
1649	583	40876	2	584	40876	2	584	0	0	584	0	0
1650	583	40877	2	584	40877	2	584	0	0	584	0	0
1651	583	40878	1	584	40878	1	584	0	0	584	0	0
1652	583	40879	2	584	40879	2	584	0	0	584	0	0
1653	583	40880	2	584	40880	2	584	0	0	584	0	0
1654	583	40881	1	584	40881	1	584	0	0	584	0	0
1659	587	40910	2	588	40934	2	588	0	0	588	0	0
1660	587	40911	2	588	40935	2	588	0	0	588	0	0
1661	587	40912	2	588	40936	2	588	0	0	588	0	0
1662	587	40913	2	588	40937	2	588	0	0	588	0	0
1663	587	40914	2	588	40938	2	588	0	0	588	0	0
1664	587	40915	2	588	40939	2	588	0	0	588	0	0
1665	587	40916	2	588	40940	2	588	0	0	588	0	0
1666	587	40917	2	588	40941	2	588	0	0	588	0	0
1667	587	40918	2	588	40942	2	588	0	0	588	0	0
1668	587	40919	2	588	40943	2	588	0	0	588	0	0
1669	587	40920	2	588	40944	2	588	0	0	588	0	0
1670	587	40921	2	588	40945	2	588	0	0	588	0	0
1671	587	40922	2	588	40922	2	588	0	0	588	0	0
1672	587	40923	2	588	40923	2	588	0	0	588	0	0
1673	587	40924	2	588	40924	2	588	0	0	588	0	0
1674	587	40925	1	588	40925	1	588	0	0	588	0	0
1675	587	40926	2	588	40926	2	588	0	0	588	0	0
1676	587	40927	2	588	40927	2	588	0	0	588	0	0
1677	587	40928	1	588	40928	1	588	0	0	588	0	0
1678	587	40929	1	588	40929	1	588	0	0	588	0	0
1679	587	40930	2	588	40930	2	588	0	0	588	0	0
1680	587	40931	2	588	40931	2	588	0	0	588	0	0
1683	589	40946	2	590	40970	2	590	0	0	590	0	0
1684	589	40947	2	590	40971	2	590	0	0	590	0	0
1685	589	40948	2	590	40972	2	590	0	0	590	0	0
1686	589	40949	2	590	40973	2	590	0	0	590	0	0
1687	589	40950	2	590	40974	2	590	0	0	590	0	0
1688	589	40951	2	590	40975	2	590	0	0	590	0	0
1689	589	40952	2	590	40976	2	590	0	0	590	0	0
1690	589	40953	2	590	40977	2	590	0	0	590	0	0
1691	589	40954	2	590	40978	2	590	0	0	590	0	0
1692	589	40955	2	590	40979	2	590	0	0	590	0	0
1693	589	40956	2	590	40980	2	590	0	0	590	0	0
1694	589	40957	2	590	40981	2	590	0	0	590	0	0
1695	589	40958	2	590	40958	2	590	0	0	590	0	0
1696	589	40959	2	590	40959	2	590	0	0	590	0	0
1697	589	40960	2	590	40960	2	590	0	0	590	0	0
1698	589	40961	1	590	40961	1	590	0	0	590	0	0
1699	589	40962	2	590	40962	2	590	0	0	590	0	0
1700	589	40963	2	590	40963	2	590	0	0	590	0	0
1701	589	40964	1	590	40964	1	590	0	0	590	0	0
1702	589	40965	1	590	40965	1	590	0	0	590	0	0
1703	589	40966	2	590	40966	2	590	0	0	590	0	0
1704	589	40967	2	590	40967	2	590	0	0	590	0	0
1705	591	40996	2	591	0	0	591	0	0	591	0	0
1706	591	40996	2	591	0	0	591	0	0	591	0	0
1707	591	40997	1	591	0	0	591	0	0	591	0	0
1708	591	40998	2	591	0	0	591	0	0	591	0	0
1709	591	40999	1	591	0	0	591	0	0	591	0	0
1710	592	41000	2	592	0	0	592	0	0	592	0	0
1711	592	41000	2	592	0	0	592	0	0	592	0	0
1712	592	41001	1	592	0	0	592	0	0	592	0	0
1713	592	41002	2	592	0	0	592	0	0	592	0	0
1714	592	41003	1	592	0	0	592	0	0	592	0	0
1715	594	41011	2	594	0	0	594	0	0	594	0	0
1716	594	41011	2	594	0	0	594	0	0	594	0	0
1717	594	41011	2	594	41016	3	594	0	0	594	0	0
1718	594	41011	2	594	41016	3	594	0	0	594	0	0
1719	594	41011	2	594	0	0	594	0	0	594	0	0
1720	594	41011	2	594	0	0	594	0	0	594	0	0
1721	594	41012	2	594	0	0	594	0	0	594	0	0
1722	594	41012	2	594	0	0	594	0	0	594	0	0
1726	594	41011	2	594	0	0	594	0	0	594	0	0
1727	597	14017	2	598	14019	2	598	0	0	598	0	0
1728	597	14017	2	598	14019	2	598	0	0	598	0	0
1729	597	14017	2	598	14019	2	598	0	0	598	0	0
1730	597	14017	2	598	14019	2	598	0	0	598	0	0
1731	597	14017	2	598	14019	2	598	0	0	598	0	0
1732	597	14017	2	598	14019	2	598	0	0	598	0	0
1733	597	14017	2	598	14019	2	598	0	0	598	0	0
1734	597	14017	2	598	14019	2	598	0	0	598	0	0
1735	597	14017	2	598	14019	2	598	0	0	598	0	0
1736	597	14017	2	598	14019	2	598	0	0	598	0	0
1737	597	14017	2	598	14019	2	598	0	0	598	0	0
1738	597	14017	2	598	14019	2	598	0	0	598	0	0
1739	597	14018	2	598	14018	2	598	0	0	598	0	0
1740	597	14018	2	598	14018	2	598	0	0	598	0	0
1741	597	14018	2	598	14018	2	598	0	0	598	0	0
1742	597	14037	1	598	14037	1	598	0	0	598	0	0
1743	597	14018	2	598	14018	2	598	0	0	598	0	0
1744	597	14017	2	598	14017	2	598	0	0	598	0	0
1745	597	14039	1	598	14039	1	598	0	0	598	0	0
1746	597	14039	1	598	14039	1	598	0	0	598	0	0
1747	597	14037	1	598	14037	1	598	0	0	598	0	0
1748	597	14017	2	598	14017	2	598	0	0	598	0	0
1749	599	14020	2	600	14022	2	600	0	0	600	0	0
1750	599	14020	2	600	14022	2	600	0	0	600	0	0
1751	599	14020	2	600	14022	2	600	0	0	600	0	0
1752	599	14020	2	600	14022	2	600	0	0	600	0	0
1753	599	14020	2	600	14022	2	600	0	0	600	0	0
1754	599	14020	2	600	14022	2	600	0	0	600	0	0
1755	599	14020	2	600	14022	2	600	0	0	600	0	0
1756	599	14020	2	600	14022	2	600	0	0	600	0	0
1757	599	14020	2	600	14022	2	600	0	0	600	0	0
1758	599	14020	2	600	14022	2	600	0	0	600	0	0
1759	599	14020	2	600	14022	2	600	0	0	600	0	0
1760	599	14020	2	600	14022	2	600	0	0	600	0	0
1761	599	14021	2	600	14021	2	600	0	0	600	0	0
1762	599	14021	2	600	14021	2	600	0	0	600	0	0
1763	599	14021	2	600	14021	2	600	0	0	600	0	0
1764	599	14038	1	600	14038	1	600	0	0	600	0	0
1765	599	14021	2	600	14021	2	600	0	0	600	0	0
1766	599	14020	2	600	14020	2	600	0	0	600	0	0
1767	599	14040	1	600	14040	1	600	0	0	600	0	0
1768	599	14040	1	600	14040	1	600	0	0	600	0	0
1769	599	14038	1	600	14038	1	600	0	0	600	0	0
1770	599	14020	2	600	14020	2	600	0	0	600	0	0
1771	605	14043	2	605	0	0	605	0	0	605	0	0
1772	605	14043	2	605	0	0	605	0	0	605	0	0
1773	605	14045	1	605	0	0	605	0	0	605	0	0
1774	605	14045	1	605	0	0	605	0	0	605	0	0
1775	605	14047	2	605	0	0	605	0	0	605	0	0
1776	606	14044	2	606	0	0	606	0	0	606	0	0
1777	606	14044	2	606	0	0	606	0	0	606	0	0
1778	606	14046	1	606	0	0	606	0	0	606	0	0
1779	606	14046	1	606	0	0	606	0	0	606	0	0
1780	606	14048	2	606	0	0	606	0	0	606	0	0
1781	596	41057	2	596	0	0	596	0	0	596	0	0
1782	596	41057	2	596	0	0	596	0	0	596	0	0
1783	596	41057	2	596	41061	3	596	0	0	596	0	0
1784	596	41057	2	596	41061	3	596	0	0	596	0	0
1785	596	41057	2	596	0	0	596	0	0	596	0	0
1786	596	41057	2	596	0	0	596	0	0	596	0	0
1787	596	41058	2	596	0	0	596	0	0	596	0	0
1788	596	41058	2	596	0	0	596	0	0	596	0	0
1792	596	41057	2	596	0	0	596	0	0	596	0	0
1793	601	41063	2	602	41065	2	602	0	0	602	0	0
1794	601	41063	2	602	41065	2	602	0	0	602	0	0
1795	601	41063	2	602	41065	2	602	0	0	602	0	0
1796	601	41063	2	602	41065	2	602	0	0	602	0	0
1797	601	41063	2	601	41087	3	602	41065	2	602	41088	3
1798	601	41063	2	601	41087	3	602	41065	2	602	41088	3
1799	601	41063	2	601	41087	3	602	41065	2	602	41088	3
1800	601	41063	2	601	41087	3	602	41065	2	602	41088	3
1801	601	41063	2	602	41065	2	602	0	0	602	0	0
1802	601	41063	2	602	41065	2	602	0	0	602	0	0
1803	601	41063	2	602	41065	2	602	0	0	602	0	0
1804	601	41063	2	602	41065	2	602	0	0	602	0	0
1805	601	41064	2	602	41064	2	602	0	0	602	0	0
1806	601	41064	2	602	41064	2	602	0	0	602	0	0
1807	601	41064	2	602	41064	2	602	0	0	602	0	0
1808	601	41083	1	602	41083	1	602	0	0	602	0	0
1809	601	41064	2	602	41064	2	602	0	0	602	0	0
1810	601	41063	2	602	41063	2	602	0	0	602	0	0
1811	601	41085	1	602	41085	1	602	0	0	602	0	0
1812	601	41085	1	602	41085	1	602	0	0	602	0	0
1813	601	41083	1	602	41083	1	602	0	0	602	0	0
1814	601	41063	2	602	41063	2	602	0	0	602	0	0
1815	603	41066	2	604	41068	2	604	0	0	604	0	0
1816	603	41066	2	604	41068	2	604	0	0	604	0	0
1817	603	41066	2	604	41068	2	604	0	0	604	0	0
1818	603	41066	2	604	41068	2	604	0	0	604	0	0
1819	603	41066	2	603	41088	3	604	41068	2	604	41089	3
1820	603	41066	2	603	41088	3	604	41068	2	604	41089	3
1821	603	41066	2	603	41088	3	604	41068	2	604	41089	3
1822	603	41066	2	603	41088	3	604	41068	2	604	41089	3
1823	603	41066	2	604	41068	2	604	0	0	604	0	0
1824	603	41066	2	604	41068	2	604	0	0	604	0	0
1825	603	41066	2	604	41068	2	604	0	0	604	0	0
1826	603	41066	2	604	41068	2	604	0	0	604	0	0
1827	603	41067	2	604	41067	2	604	0	0	604	0	0
1828	603	41067	2	604	41067	2	604	0	0	604	0	0
1829	603	41067	2	604	41067	2	604	0	0	604	0	0
1830	603	41084	1	604	41084	1	604	0	0	604	0	0
1831	603	41067	2	604	41067	2	604	0	0	604	0	0
1832	603	41066	2	604	41066	2	604	0	0	604	0	0
1833	603	41086	1	604	41086	1	604	0	0	604	0	0
1834	603	41086	1	604	41086	1	604	0	0	604	0	0
1835	603	41084	1	604	41084	1	604	0	0	604	0	0
1836	603	41066	2	604	41066	2	604	0	0	604	0	0
1837	607	41090	2	608	41091	2	608	0	0	608	0	0
1838	607	41090	2	608	41091	2	608	0	0	608	0	0
1839	607	41090	2	607	41092	3	608	41091	2	608	41093	3
1840	607	41090	2	607	41092	3	608	41091	2	608	41093	3
1841	607	41090	2	608	41091	2	608	0	0	608	0	0
1842	607	41090	2	608	41091	2	608	0	0	608	0	0
1843	607	41094	2	608	41095	2	608	0	0	608	0	0
1844	607	41094	2	608	41095	2	608	0	0	608	0	0
1845	607	41094	2	608	41095	2	608	0	0	608	0	0
1846	607	41090	2	608	41091	2	608	0	0	608	0	0
1847	607	41094	2	608	41095	2	608	0	0	608	0	0
1848	607	41090	2	608	41091	2	608	0	0	608	0	0
1849	607	41096	1	608	41097	1	608	0	0	608	0	0
1850	607	0	0	608	0	0	608	0	0	608	0	0
1851	607	0	0	608	0	0	608	0	0	608	0	0
1852	607	0	0	608	0	0	608	0	0	608	0	0
1853	609	41104	2	610	41104	2	609	0	0	610	0	0
1854	609	41104	2	610	41104	2	609	0	0	610	0	0
1855	609	41104	2	610	41104	2	609	0	0	610	0	0
1856	609	41104	2	610	41104	2	609	0	0	610	0	0
1857	609	41104	2	610	41104	2	609	0	0	610	0	0
1858	609	41104	2	610	41104	2	609	0	0	610	0	0
1859	609	41104	2	610	41104	2	609	0	0	610	0	0
1860	609	41104	2	610	41104	2	609	0	0	610	0	0
1861	609	41104	2	610	41104	2	609	0	0	610	0	0
1862	609	41104	2	610	41104	2	609	0	0	610	0	0
1863	609	41104	2	610	41104	2	609	0	0	610	0	0
1864	609	41104	2	610	41104	2	609	0	0	610	0	0
1865	609	41105	2	610	41105	2	609	0	0	610	0	0
1866	609	41105	2	610	41105	2	609	0	0	610	0	0
1867	609	41105	2	610	41105	2	609	0	0	610	0	0
1868	609	41104	2	610	41104	2	609	0	0	610	0	0
1869	609	41104	2	610	41104	2	609	0	0	610	0	0
1870	609	41105	2	610	41105	2	609	0	0	610	0	0
1871	609	41105	2	610	41105	2	609	0	0	610	0	0
1872	609	41106	1	610	41106	1	609	0	0	610	0	0
1873	609	41107	1	610	41107	1	609	0	0	610	0	0
1874	609	41104	2	610	41104	2	609	0	0	610	0	0
1875	611	41108	2	612	41108	2	611	0	0	612	0	0
1876	611	41108	2	612	41108	2	611	0	0	612	0	0
1877	611	41108	2	612	41108	2	611	0	0	612	0	0
1878	611	41108	2	612	41108	2	611	0	0	612	0	0
1879	611	41108	2	612	41108	2	611	0	0	612	0	0
1880	611	41108	2	612	41108	2	611	0	0	612	0	0
1881	611	41108	2	612	41108	2	611	0	0	612	0	0
1882	611	41108	2	612	41108	2	611	0	0	612	0	0
1883	611	41108	2	612	41108	2	611	0	0	612	0	0
1884	611	41108	2	612	41108	2	611	0	0	612	0	0
1885	611	41108	2	612	41108	2	611	0	0	612	0	0
1886	611	41108	2	612	41108	2	611	0	0	612	0	0
1887	611	41109	2	612	41109	2	611	0	0	612	0	0
1888	611	41109	2	612	41109	2	611	0	0	612	0	0
1889	611	41109	2	612	41109	2	611	0	0	612	0	0
1890	611	41108	2	612	41108	2	611	0	0	612	0	0
1891	611	41108	2	612	41108	2	611	0	0	612	0	0
1892	611	41109	2	612	41109	2	611	0	0	612	0	0
1893	611	41109	2	612	41109	2	611	0	0	612	0	0
1894	611	41110	1	612	41110	1	611	0	0	612	0	0
1895	611	41111	1	612	41111	1	611	0	0	612	0	0
1896	611	41108	2	612	41108	2	611	0	0	612	0	0
1897	613	41117	2	613	0	0	613	0	0	613	0	0
1898	613	41117	2	613	0	0	613	0	0	613	0	0
1899	613	41117	2	613	0	0	613	0	0	613	0	0
1900	613	41118	2	613	0	0	613	0	0	613	0	0
1901	613	41118	2	613	0	0	613	0	0	613	0	0
1902	614	41119	2	614	0	0	614	0	0	614	0	0
1903	614	41119	2	614	0	0	614	0	0	614	0	0
1904	614	41119	2	614	0	0	614	0	0	614	0	0
1905	614	41120	2	614	0	0	614	0	0	614	0	0
1906	614	41121	1	614	0	0	614	0	0	614	0	0
1907	620	41128	2	620	0	0	620	0	0	620	0	0
1908	620	41128	2	620	0	0	620	0	0	620	0	0
1909	620	41128	2	620	41132	3	620	0	0	620	0	0
1910	620	41128	2	620	41132	3	620	0	0	620	0	0
1911	620	41128	2	620	0	0	620	0	0	620	0	0
1912	620	41128	2	620	0	0	620	0	0	620	0	0
1913	620	41129	2	620	0	0	620	0	0	620	0	0
1914	620	41129	2	620	0	0	620	0	0	620	0	0
1918	620	41128	2	620	0	0	620	0	0	620	0	0
1919	615	41133	2	615	0	0	615	0	0	615	0	0
1920	616	41133	2	616	0	0	616	0	0	616	0	0
1921	615	41133	2	615	0	0	615	0	0	615	0	0
1922	616	41133	2	616	0	0	616	0	0	616	0	0
1923	615	41133	2	615	41147	3	615	0	0	615	0	0
1924	616	41133	2	616	41147	3	616	0	0	616	0	0
1925	615	41133	2	615	41147	3	615	0	0	615	0	0
1926	616	41133	2	616	41147	3	616	0	0	616	0	0
1927	615	41133	2	615	0	0	615	0	0	615	0	0
1928	616	41133	2	616	0	0	616	0	0	616	0	0
1929	615	41133	2	615	0	0	615	0	0	615	0	0
1930	616	41133	2	616	0	0	616	0	0	616	0	0
1931	615	41134	2	616	41134	2	615	0	0	616	0	0
1932	615	41134	2	616	41134	2	615	0	0	616	0	0
1933	615	41134	2	616	41134	2	615	0	0	616	0	0
1934	615	41133	2	615	0	0	615	0	0	615	0	0
1935	616	41133	2	616	0	0	616	0	0	616	0	0
1936	615	41134	2	615	0	0	615	0	0	615	0	0
1937	616	41134	2	616	0	0	616	0	0	616	0	0
1938	615	41135	1	616	41135	1	615	0	0	616	0	0
1939	615	41136	1	616	41136	1	615	0	0	616	0	0
1940	615	41133	2	616	41133	2	615	0	0	616	0	0
1941	615	41135	1	616	41135	1	615	0	0	616	0	0
1943	617	41137	2	617	0	0	617	0	0	617	0	0
1944	618	41137	2	618	0	0	618	0	0	618	0	0
1945	617	41137	2	617	0	0	617	0	0	617	0	0
1946	618	41137	2	618	0	0	618	0	0	618	0	0
1947	617	41137	2	617	41148	3	617	0	0	617	0	0
1948	618	41137	2	618	41148	3	618	0	0	618	0	0
1949	617	41137	2	617	41148	3	617	0	0	617	0	0
1950	618	41137	2	618	41148	3	618	0	0	618	0	0
1951	617	41137	2	617	0	0	617	0	0	617	0	0
1952	618	41137	2	618	0	0	618	0	0	618	0	0
1953	617	41137	2	617	0	0	617	0	0	617	0	0
1954	618	41137	2	618	0	0	618	0	0	618	0	0
1955	617	41138	2	618	41138	2	617	0	0	618	0	0
1956	617	41138	2	618	41138	2	617	0	0	618	0	0
1957	617	41138	2	618	41138	2	617	0	0	618	0	0
1958	617	41137	2	617	0	0	617	0	0	617	0	0
1959	618	41137	2	618	0	0	618	0	0	618	0	0
1960	617	41138	2	617	0	0	617	0	0	617	0	0
1961	618	41138	2	618	0	0	618	0	0	618	0	0
1962	617	41139	1	618	41139	1	617	0	0	618	0	0
1963	617	41140	1	618	41140	1	617	0	0	618	0	0
1964	617	41137	2	618	41137	2	617	0	0	618	0	0
1965	617	41137	2	618	41137	2	617	0	0	618	0	0
1967	621	41133	2	621	0	0	621	0	0	621	0	0
1968	622	41133	2	622	0	0	622	0	0	622	0	0
1969	621	41133	2	621	0	0	621	0	0	621	0	0
1970	622	41133	2	622	0	0	622	0	0	622	0	0
1971	621	41133	2	621	41147	2	621	0	0	621	0	0
1972	622	41133	2	622	41147	2	622	0	0	622	0	0
1973	621	41133	2	621	41147	2	621	0	0	621	0	0
1974	622	41133	2	622	41147	2	622	0	0	622	0	0
1975	621	41133	2	621	0	0	621	0	0	621	0	0
1976	622	41133	2	622	0	0	622	0	0	622	0	0
1977	621	41133	2	621	0	0	621	0	0	621	0	0
1978	622	41133	2	622	0	0	622	0	0	622	0	0
1979	621	41134	2	622	41134	2	621	0	0	622	0	0
1980	621	41134	2	622	41134	2	621	0	0	622	0	0
1981	621	41134	2	622	41134	2	621	0	0	622	0	0
1982	621	41133	2	621	0	0	621	0	0	621	0	0
1983	622	41133	2	622	0	0	622	0	0	622	0	0
1984	621	41134	2	621	0	0	621	0	0	621	0	0
1985	622	41134	2	622	0	0	622	0	0	622	0	0
1986	621	41135	1	622	41135	1	621	0	0	622	0	0
1987	621	41136	1	622	41136	1	621	0	0	622	0	0
1988	621	41133	2	622	41133	2	621	0	0	622	0	0
1989	621	41135	1	622	41135	1	621	0	0	622	0	0
1991	623	41137	2	623	0	0	623	0	0	623	0	0
1992	624	41137	2	624	0	0	624	0	0	624	0	0
1993	623	41137	2	623	0	0	623	0	0	623	0	0
1994	624	41137	2	624	0	0	624	0	0	624	0	0
1995	623	41137	2	623	41148	3	623	0	0	623	0	0
1996	624	41137	2	624	41148	3	624	0	0	624	0	0
1997	623	41137	2	623	41148	3	623	0	0	623	0	0
1998	624	41137	2	624	41148	3	624	0	0	624	0	0
1999	623	41137	2	623	0	0	623	0	0	623	0	0
2000	624	41137	2	624	0	0	624	0	0	624	0	0
2001	623	41137	2	623	0	0	623	0	0	623	0	0
2002	624	41137	2	624	0	0	624	0	0	624	0	0
2003	623	41138	2	624	41138	2	623	0	0	624	0	0
2004	623	41138	2	624	41138	2	623	0	0	624	0	0
2005	623	41138	2	624	41138	2	623	0	0	624	0	0
2006	623	41137	2	623	0	0	623	0	0	623	0	0
2007	624	41137	2	624	0	0	624	0	0	624	0	0
2008	623	41138	2	623	0	0	623	0	0	623	0	0
2009	624	41138	2	624	0	0	624	0	0	624	0	0
2010	623	41139	1	624	41139	1	623	0	0	624	0	0
2011	623	41140	1	624	41140	1	623	0	0	624	0	0
2012	623	41137	2	624	41137	2	623	0	0	624	0	0
2013	623	41137	2	624	41137	2	623	0	0	624	0	0
2016	807	41151	2	807	0	0	807	0	0	807	0	0
2017	807	41150	2	807	0	0	807	0	0	807	0	0
2019	807	41151	2	807	0	0	807	0	0	807	0	0
2021	807	41150	2	807	0	0	807	0	0	807	0	0
2022	807	41150	2	807	0	0	807	0	0	807	0	0
2023	807	41150	2	807	0	0	807	0	0	807	0	0
2024	807	41150	2	807	0	0	807	0	0	807	0	0
2025	807	41150	2	807	0	0	807	0	0	807	0	0
2026	807	41150	2	807	0	0	807	0	0	807	0	0
2027	807	41151	2	807	0	0	807	0	0	807	0	0
2028	807	41152	1	807	0	0	807	0	0	807	0	0
2029	807	41152	1	807	0	0	807	0	0	807	0	0
2030	807	41153	1	807	0	0	807	0	0	807	0	0
2031	807	41151	2	807	0	0	807	0	0	807	0	0
2032	626	41155	2	626	0	0	626	0	0	626	0	0
2033	626	41155	2	626	0	0	626	0	0	626	0	0
2034	626	41155	2	626	41159	3	626	0	0	626	0	0
2035	626	41155	2	626	41159	3	626	0	0	626	0	0
2036	626	41155	2	626	0	0	626	0	0	626	0	0
2037	626	41155	2	626	0	0	626	0	0	626	0	0
2038	626	41156	2	626	0	0	626	0	0	626	0	0
2039	626	41156	2	626	0	0	626	0	0	626	0	0
2043	626	41155	2	626	0	0	626	0	0	626	0	0
2044	627	41161	2	627	0	0	627	0	0	627	0	0
2045	628	41161	2	628	0	0	628	0	0	628	0	0
2046	627	41161	2	627	0	0	627	0	0	627	0	0
2047	628	41161	2	628	0	0	628	0	0	628	0	0
2048	627	41161	2	627	41175	3	627	0	0	627	0	0
2049	628	41161	2	628	41175	3	628	0	0	628	0	0
2050	627	41161	2	627	41175	3	627	0	0	627	0	0
2051	628	41161	2	628	41175	3	628	0	0	628	0	0
2052	627	41161	2	627	0	0	627	0	0	627	0	0
2053	628	41161	2	628	0	0	628	0	0	628	0	0
2054	627	41161	2	627	0	0	627	0	0	627	0	0
2055	628	41161	2	628	0	0	628	0	0	628	0	0
2056	627	41162	2	628	41162	2	627	0	0	628	0	0
2057	627	41162	2	628	41162	2	627	0	0	628	0	0
2058	627	41162	2	628	41162	2	627	0	0	628	0	0
2059	627	41161	2	627	0	0	627	0	0	627	0	0
2060	628	41161	2	628	0	0	628	0	0	628	0	0
2061	627	41162	2	627	0	0	627	0	0	627	0	0
2062	628	41162	2	628	0	0	628	0	0	628	0	0
2063	627	41163	1	628	41163	1	627	0	0	628	0	0
2064	627	41164	1	628	41164	1	627	0	0	628	0	0
2065	627	41161	2	628	41161	2	627	0	0	628	0	0
2066	627	41163	1	628	41163	1	627	0	0	628	0	0
2068	629	41165	2	629	0	0	629	0	0	629	0	0
2069	630	41165	2	630	0	0	630	0	0	630	0	0
2070	629	41165	2	629	0	0	629	0	0	629	0	0
2071	630	41165	2	630	0	0	630	0	0	630	0	0
2072	629	41165	2	629	41176	3	629	0	0	629	0	0
2073	630	41165	2	630	41176	3	630	0	0	630	0	0
2074	629	41165	2	629	41176	3	629	0	0	629	0	0
2075	630	41165	2	630	41176	3	630	0	0	630	0	0
2076	629	41165	2	629	0	0	629	0	0	629	0	0
2077	630	41165	2	630	0	0	630	0	0	630	0	0
2078	629	41165	2	629	0	0	629	0	0	629	0	0
2079	630	41165	2	630	0	0	630	0	0	630	0	0
2080	629	41166	2	630	41166	2	629	0	0	630	0	0
2081	629	41166	2	630	41166	2	629	0	0	630	0	0
2082	629	41166	2	630	41166	2	629	0	0	630	0	0
2083	629	41165	2	629	0	0	629	0	0	629	0	0
2084	630	41165	2	630	0	0	630	0	0	630	0	0
2085	629	41166	2	629	0	0	629	0	0	629	0	0
2086	630	41166	2	630	0	0	630	0	0	630	0	0
2087	629	41167	1	630	41167	1	629	0	0	630	0	0
2088	629	41168	1	630	41168	1	629	0	0	630	0	0
2089	629	41165	2	630	41165	2	629	0	0	630	0	0
2090	629	41165	2	630	41165	2	629	0	0	630	0	0
2092	631	41161	2	631	0	0	631	0	0	631	0	0
2093	632	41161	2	632	0	0	632	0	0	632	0	0
2094	631	41161	2	631	0	0	631	0	0	631	0	0
2095	632	41161	2	632	0	0	632	0	0	632	0	0
2096	631	41161	2	631	41175	2	631	0	0	631	0	0
2097	632	41161	2	632	41175	2	632	0	0	632	0	0
2098	631	41161	2	631	41175	2	631	0	0	631	0	0
2099	632	41161	2	632	41175	2	632	0	0	632	0	0
2100	631	41161	2	631	0	0	631	0	0	631	0	0
2101	632	41161	2	632	0	0	632	0	0	632	0	0
2102	631	41161	2	631	0	0	631	0	0	631	0	0
2103	632	41161	2	632	0	0	632	0	0	632	0	0
2104	631	41162	2	632	41162	2	631	0	0	632	0	0
2105	631	41162	2	632	41162	2	631	0	0	632	0	0
2106	631	41162	2	632	41162	2	631	0	0	632	0	0
2107	631	41161	2	631	0	0	631	0	0	631	0	0
2108	632	41161	2	632	0	0	632	0	0	632	0	0
2109	631	41162	2	631	0	0	631	0	0	631	0	0
2110	632	41162	2	632	0	0	632	0	0	632	0	0
2111	631	41163	1	632	41163	1	631	0	0	632	0	0
2112	631	41164	1	632	41164	1	631	0	0	632	0	0
2113	631	41161	2	632	41161	2	631	0	0	632	0	0
2114	631	41163	1	632	41163	1	631	0	0	632	0	0
2116	633	41165	2	633	0	0	633	0	0	633	0	0
2117	634	41165	2	634	0	0	634	0	0	634	0	0
2118	633	41165	2	633	0	0	633	0	0	633	0	0
2119	634	41165	2	634	0	0	634	0	0	634	0	0
2120	633	41165	2	633	41176	3	633	0	0	633	0	0
2121	634	41165	2	634	41176	3	634	0	0	634	0	0
2122	633	41165	2	633	41176	3	633	0	0	633	0	0
2123	634	41165	2	634	41176	3	634	0	0	634	0	0
2124	633	41165	2	633	0	0	633	0	0	633	0	0
2125	634	41165	2	634	0	0	634	0	0	634	0	0
2126	633	41165	2	633	0	0	633	0	0	633	0	0
2127	634	41165	2	634	0	0	634	0	0	634	0	0
2128	633	41166	2	634	41166	2	633	0	0	634	0	0
2129	633	41166	2	634	41166	2	633	0	0	634	0	0
2130	633	41166	2	634	41166	2	633	0	0	634	0	0
2131	633	41165	2	633	0	0	633	0	0	633	0	0
2132	634	41165	2	634	0	0	634	0	0	634	0	0
2133	633	41166	2	633	0	0	633	0	0	633	0	0
2134	634	41166	2	634	0	0	634	0	0	634	0	0
2135	633	41167	1	634	41167	1	633	0	0	634	0	0
2136	633	41168	1	634	41168	1	633	0	0	634	0	0
2137	633	41165	2	634	41165	2	633	0	0	634	0	0
2138	633	41167	1	634	41167	1	633	0	0	634	0	0
2139	806	41178	2	806	0	0	806	0	0	806	0	0
2140	806	41177	2	806	0	0	806	0	0	806	0	0
2141	806	41177	2	806	0	0	806	0	0	806	0	0
2142	806	41177	2	806	0	0	806	0	0	806	0	0
2143	806	41178	2	806	0	0	806	0	0	806	0	0
2144	806	41178	2	806	0	0	806	0	0	806	0	0
2145	806	41177	2	806	0	0	806	0	0	806	0	0
2146	806	41177	2	806	0	0	806	0	0	806	0	0
2147	806	41177	2	806	0	0	806	0	0	806	0	0
2148	806	41177	2	806	0	0	806	0	0	806	0	0
2149	806	41177	2	806	0	0	806	0	0	806	0	0
2150	806	41177	2	806	0	0	806	0	0	806	0	0
2151	806	41177	2	806	0	0	806	0	0	806	0	0
2152	806	41178	2	806	0	0	806	0	0	806	0	0
2153	806	41179	1	806	41179	1	806	0	0	806	0	0
2154	806	41177	2	806	0	0	806	0	0	806	0	0
2155	806	41180	1	806	41180	1	806	0	0	806	0	0
2156	806	41178	2	806	0	0	806	0	0	806	0	0
2174	3002	41182	2	3003	41182	2	3002	0	0	3003	0	0
2175	3002	41182	2	3003	41182	2	3002	0	0	3003	0	0
2176	3002	41182	2	3003	41182	2	3002	0	0	3003	0	0
2177	3002	41182	2	3003	41182	2	3002	0	0	3003	0	0
2178	3002	41184	1	3003	41184	1	3002	0	0	3003	0	0
2180	3002	41182	2	3003	41182	2	3002	0	0	3003	0	0
2181	3002	41182	2	3003	41182	2	3002	0	0	3003	0	0
2182	3002	41183	2	3003	41183	2	3002	0	0	3003	0	0
2183	3002	41184	1	3003	41184	1	3002	0	0	3003	0	0
2184	3002	41182	2	3003	41182	2	3002	0	0	3003	0	0
2185	3002	41185	1	3003	41185	1	3002	0	0	3003	0	0
2186	3002	41182	2	3003	41182	2	3002	0	0	3003	0	0
2187	3002	41183	2	3003	41183	2	3002	0	0	3003	0	0
2188	3002	41183	2	3003	41183	2	3002	0	0	3003	0	0
2189	3002	41183	2	3003	41183	2	3002	0	0	3003	0	0
2190	808	41191	1	808	41191	1	808	0	0	808	0	0
2191	808	41190	2	808	0	0	808	0	0	808	0	0
2192	808	41189	2	808	0	0	808	0	0	808	0	0
2193	808	41189	2	808	0	0	808	0	0	808	0	0
2195	808	41190	2	808	0	0	808	0	0	808	0	0
2197	808	41189	2	808	0	0	808	0	0	808	0	0
2198	808	41189	2	808	0	0	808	0	0	808	0	0
2199	808	41189	2	808	0	0	808	0	0	808	0	0
2200	808	41189	2	808	0	0	808	0	0	808	0	0
2201	808	41189	2	808	0	0	808	0	0	808	0	0
2202	808	41189	2	808	0	0	808	0	0	808	0	0
2203	808	41190	2	808	0	0	808	0	0	808	0	0
2204	808	41190	2	808	0	0	808	0	0	808	0	0
2205	808	41189	2	808	0	0	808	0	0	808	0	0
2206	808	41192	1	808	41192	1	808	0	0	808	0	0
2207	808	41189	2	808	0	0	808	0	0	808	0	0
2208	635	41194	2	636	41194	2	636	0	0	636	0	0
2209	635	41194	2	636	41194	2	636	0	0	636	0	0
2210	635	41194	2	636	41194	3	636	0	0	636	0	0
2211	635	41194	2	636	41194	3	636	0	0	636	0	0
2212	635	41194	2	636	41194	3	636	0	0	636	0	0
2213	635	41194	2	636	41194	3	636	0	0	636	0	0
2214	635	41195	2	636	41195	3	636	0	0	636	0	0
2215	635	41195	2	636	41195	3	636	0	0	636	0	0
2216	635	41195	2	636	41195	2	636	0	0	636	0	0
2217	635	41194	2	636	41194	2	636	0	0	636	0	0
2218	635	41195	2	636	41195	2	636	0	0	636	0	0
2219	635	41196	1	636	41196	1	636	0	0	636	0	0
2220	635	41197	1	636	41197	1	636	0	0	636	0	0
2221	635	41197	1	636	41197	1	636	0	0	636	0	0
2222	635	41194	2	636	41194	2	636	0	0	636	0	0
2223	635	41194	2	636	41194	2	636	0	0	636	0	0
2224	635	41194	2	636	41194	2	636	0	0	636	0	0
2225	635	0	2	636	0	2	636	0	0	636	0	0
2226	637	41207	2	638	41207	2	637	0	0	638	0	0
2227	637	41207	2	638	41207	2	637	0	0	638	0	0
2228	637	41207	2	638	41207	3	637	0	0	638	0	0
2229	637	41207	2	638	41207	3	637	0	0	638	0	0
2230	637	41207	2	638	41207	3	637	0	0	638	0	0
2231	637	41207	2	638	41207	3	637	0	0	638	0	0
2232	637	41208	2	638	41208	3	637	0	0	638	0	0
2233	637	41208	2	638	41208	3	637	0	0	638	0	0
2234	637	41208	2	638	41208	2	637	0	0	638	0	0
2235	637	41207	2	638	41207	2	637	0	0	638	0	0
2236	637	41208	2	638	41208	2	637	0	0	638	0	0
2237	637	41209	1	638	41209	1	637	0	0	638	0	0
2238	637	41210	1	638	41210	1	637	0	0	638	0	0
2239	637	41210	1	638	41210	1	637	0	0	638	0	0
2240	637	41207	2	638	41207	2	637	0	0	638	0	0
2241	637	41207	2	638	41207	2	637	0	0	638	0	0
2242	637	41207	2	638	41207	2	637	0	0	638	0	0
2243	637	0	2	638	0	2	637	0	0	638	0	0
2244	639	41201	2	640	41201	2	640	0	0	640	0	0
2245	639	41201	2	640	41201	2	640	0	0	640	0	0
2246	639	41201	2	640	41201	3	640	0	0	640	0	0
2247	639	41201	2	640	41201	3	640	0	0	640	0	0
2248	639	41201	2	640	41201	3	640	0	0	640	0	0
2249	639	41201	2	640	41201	3	640	0	0	640	0	0
2250	639	41202	2	640	41202	3	640	0	0	640	0	0
2251	639	41202	2	640	41202	3	640	0	0	640	0	0
2252	639	41202	2	640	41202	2	640	0	0	640	0	0
2253	639	41201	2	640	41201	2	640	0	0	640	0	0
2254	639	41202	2	640	41202	2	640	0	0	640	0	0
2255	639	41203	1	640	41203	1	640	0	0	640	0	0
2256	639	41204	1	640	41204	1	640	0	0	640	0	0
2257	639	41204	1	640	41204	1	640	0	0	640	0	0
2258	639	41201	2	640	41201	2	640	0	0	640	0	0
2259	639	41201	2	640	41201	2	640	0	0	640	0	0
2260	639	41201	2	640	41201	2	640	0	0	640	0	0
2261	639	0	2	640	0	2	640	0	0	640	0	0
2262	641	41214	2	642	41214	2	641	0	0	642	0	0
2263	641	41214	2	642	41214	2	641	0	0	642	0	0
2264	641	41214	2	642	41214	3	641	0	0	642	0	0
2265	641	41214	2	642	41214	3	641	0	0	642	0	0
2266	641	41214	2	642	41214	3	641	0	0	642	0	0
2267	641	41214	2	642	41214	3	641	0	0	642	0	0
2268	641	41215	2	642	41215	3	641	0	0	642	0	0
2269	641	41215	2	642	41215	3	641	0	0	642	0	0
2270	641	41215	2	642	41215	2	641	0	0	642	0	0
2271	641	41214	2	642	41214	2	641	0	0	642	0	0
2272	641	41215	2	642	41215	2	641	0	0	642	0	0
2273	641	41216	1	642	41216	1	641	0	0	642	0	0
2274	641	41217	1	642	41217	1	641	0	0	642	0	0
2275	641	41217	1	642	41217	1	641	0	0	642	0	0
2276	641	41214	2	642	41214	2	641	0	0	642	0	0
2277	641	41214	2	642	41214	2	641	0	0	642	0	0
2278	641	41214	2	642	41214	2	641	0	0	642	0	0
2279	641	0	2	642	0	2	641	0	0	642	0	0
5003	-1	5014	1	-1	5015	1	-1	0	0	-1	0	0