ItemCode
50313451
52124571
52126311
52126471
52126651
52126771
52126781
52126791
52126961
52127271
52127321
52127351
52127361
52127371
52127381
52127391
52127481
52127491
52127591
52127611
52127751
52127761
52127771
52128501
52128571
52128591
52128611
52128671
52128731
52128741
52128751
52128761
52128771
52128791
52128931
52129401
52129411
52129441
52129471
52129481
52129491
52129551
52129561
52129571
52129591
52129601
52129681
52129691
52129701
52129731
52129741
52129781
52129791
52129811
52130021
52130031
52130051
52130171
52130231
52130241
52131221
52131231
52131241
52131251
52131441
52131571
52131581
52131561
52131461
52131591
52131601
52131651
52131661
52131671
52131681
52131771
52131751
52131761
52131731
52131211
52131961
52130321
52132061
52132261
52132321
52132281
52132331
52132291
52132511
52132521
52132901
50214091
52132621
50214061
50617301
50417251
50515821
50617311
51512921
51614441
50913051
50121121
52132671
52132681
52132601
52132921
52132931
52132941
52132951
52133141
52133151
